# t0 1403636619.763555765
# timestamp tx ty tz qx qy qz qw
1.000000000 0.000000 0.000000 0.000000 -0.045129 -0.793608 0.000000 0.606754
1.049999714 -0.000035 0.000081 -0.000148 -0.045122 -0.793577 0.000081 0.606794
1.099999905 -0.000002 0.000226 -0.000306 -0.045122 -0.793585 0.000062 0.606784
1.149999857 -0.000000 0.000329 -0.000586 -0.045156 -0.793573 0.000108 0.606797
1.199999809 -0.000072 0.000446 -0.001003 -0.045188 -0.793600 0.000088 0.606759
1.249999762 -0.000153 0.000555 -0.001553 -0.045191 -0.793652 0.000106 0.606691
1.299999952 -0.000264 0.000797 -0.002267 -0.044913 -0.793603 -0.000412 0.606776
1.349999666 -0.000334 0.000715 -0.003115 -0.045171 -0.793606 0.000235 0.606753
1.399999857 -0.000561 0.000849 -0.004293 -0.044821 -0.793590 -0.000229 0.606800
1.449999809 -0.000868 0.000865 -0.005686 -0.045116 -0.793536 0.000164 0.606848
1.500000000 -0.001164 0.001098 -0.007086 -0.044911 -0.793636 -0.000188 0.606734
1.549999714 -0.001603 0.001223 -0.008669 -0.045122 -0.793609 0.000127 0.606753
1.599999905 -0.002027 0.001550 -0.010256 -0.044940 -0.793588 -0.000129 0.606794
1.649999857 -0.002419 0.001706 -0.012135 -0.045153 -0.793602 0.000203 0.606760
1.699999809 -0.002802 0.002044 -0.014069 -0.044971 -0.793555 -0.000077 0.606835
1.749999762 -0.003094 0.002341 -0.016017 -0.045092 -0.793603 0.000139 0.606762
1.799999952 -0.003357 0.002785 -0.017985 -0.044986 -0.793622 -0.000039 0.606745
1.849999666 -0.003686 0.003179 -0.020034 -0.045161 -0.793642 0.000184 0.606706
1.899999857 -0.004068 0.003731 -0.022228 -0.045027 -0.793655 0.000002 0.606699
1.949999809 0.003115 -0.008097 0.015153 -0.044697 -0.793736 0.000997 0.606618
2.000000000 0.003101 -0.008097 0.014836 -0.044585 -0.793740 0.000915 0.606621
2.049999714 0.002994 -0.008012 0.016595 -0.044708 -0.793911 0.000660 0.606387
2.099999905 0.002767 -0.008066 0.016027 -0.044681 -0.794003 0.000633 0.606270
2.149999857 0.003647 -0.010811 0.015436 -0.045331 -0.793901 0.000656 0.606354
2.199999809 0.003335 -0.010694 0.014957 -0.045369 -0.793836 0.000718 0.606436
2.249999762 0.004144 -0.011163 0.014925 -0.045221 -0.793914 0.000633 0.606346
2.299999952 0.004029 -0.011061 0.014545 -0.045291 -0.793879 0.000774 0.606387
2.349999666 0.004531 -0.012339 0.013438 -0.045560 -0.793974 0.000665 0.606242
2.399999857 0.004304 -0.012108 0.012962 -0.045555 -0.793983 0.000727 0.606230
2.449999809 0.004500 -0.012357 0.010868 -0.045740 -0.793919 0.000684 0.606300
2.500000000 0.004491 -0.011960 0.010507 -0.045713 -0.793963 0.000643 0.606245
2.549999714 0.006066 -0.009606 0.008375 -0.045140 -0.793991 0.000454 0.606252
2.599999905 0.006014 -0.009382 0.008178 -0.045104 -0.794055 0.000463 0.606170
2.649999857 0.006946 -0.008434 0.006393 -0.044814 -0.794102 0.000550 0.606130
2.699999809 0.006586 -0.008363 0.006285 -0.044781 -0.794094 0.000543 0.606143
2.749999762 0.005508 -0.008709 0.005391 -0.044865 -0.793918 0.000415 0.606368
2.799999952 0.005213 -0.008659 0.005183 -0.044881 -0.793954 0.000398 0.606319
2.849999666 0.004914 -0.008657 0.004067 -0.044871 -0.793830 0.000323 0.606482
2.899999857 0.004657 -0.008655 0.004090 -0.044860 -0.793770 0.000412 0.606562
2.949999809 0.003623 -0.009651 0.004263 -0.045435 -0.793576 0.000173 0.606772
3.000000000 0.003703 -0.009367 0.004237 -0.045380 -0.793562 0.000160 0.606795
3.049999714 0.003776 -0.009069 0.004298 -0.044897 -0.793590 0.000136 0.606794
3.099999905 0.003834 -0.008881 0.004263 -0.044974 -0.793471 0.000087 0.606943
3.149999857 0.003141 -0.008548 0.004455 -0.044092 -0.793448 0.000215 0.607039
3.199999809 0.002282 -0.001280 0.000659 -0.044541 -0.793435 0.000286 0.607023
3.249999762 0.002056 -0.001301 0.000549 -0.044826 -0.793224 -0.000051 0.607278
3.299999952 0.001977 -0.001262 0.000305 -0.044861 -0.793334 0.000016 0.607132
3.349999666 0.001622 -0.000973 0.000209 -0.044961 -0.793514 0.000176 0.606888
3.399999857 0.001399 -0.001084 -0.000497 -0.044853 -0.793503 0.000019 0.606911
3.449999809 0.000996 -0.000846 -0.000128 -0.044974 -0.793681 0.000219 0.606669
3.500000000 0.000607 -0.000975 -0.000699 -0.045013 -0.793635 0.000301 0.606726
3.549999714 0.000194 -0.000574 -0.000508 -0.045588 -0.793510 0.000020 0.606847
3.599999905 -0.000017 -0.000675 -0.001280 -0.045734 -0.793593 0.000216 0.606727
3.649999857 -0.000656 0.000102 -0.000870 -0.046175 -0.793657 -0.000042 0.606610
3.699999809 -0.000547 0.000054 -0.001616 -0.046297 -0.793535 0.000049 0.606761
3.749999762 -0.000683 0.000698 -0.001762 -0.046523 -0.793814 0.000103 0.606378
3.799999952 -0.000050 0.001248 -0.002741 -0.046665 -0.793871 0.000261 0.606293
3.849999666 -0.003005 0.000987 -0.001448 -0.046525 -0.794272 0.000286 0.605778
3.899999857 -0.003871 0.001340 -0.001948 -0.046442 -0.794256 0.000276 0.605806
3.949999809 -0.003726 0.001444 -0.001384 -0.046702 -0.794195 0.000092 0.605866
4.000000000 -0.004873 0.001851 -0.001996 -0.046886 -0.794087 0.000005 0.605993
4.049999714 -0.001456 0.000915 -0.001588 -0.046039 -0.793942 0.000766 0.606247
4.099999905 -0.002450 0.001448 -0.002169 -0.046314 -0.793779 0.000729 0.606440
4.149999857 -0.000836 -0.000251 -0.001072 -0.045496 -0.793544 0.000379 0.606809
4.199999809 -0.001393 -0.000068 -0.001078 -0.045892 -0.793527 0.000490 0.606802
4.249999762 -0.001579 0.000227 -0.000918 -0.045385 -0.793555 0.000431 0.606803
4.299999952 -0.002203 0.000623 -0.000750 -0.045635 -0.793555 0.000391 0.606785
4.349999666 -0.002776 0.000302 -0.000995 -0.045529 -0.793701 -0.000028 0.606602
4.399999857 -0.002943 0.000265 -0.001319 -0.046020 -0.793577 0.000058 0.606727
4.449999809 -0.003247 -0.000198 -0.001499 -0.045552 -0.793577 0.000061 0.606763
4.500000000 -0.003900 -0.000079 -0.001455 -0.045554 -0.793643 0.000173 0.606676
4.549999714 -0.006546 0.000866 -0.002504 -0.045885 -0.795418 -0.001058 0.604321
4.599999905 -0.007238 0.002035 -0.003428 -0.046475 -0.798399 -0.002136 0.600328
4.649999857 -0.011929 0.003561 0.003340 -0.048151 -0.798980 -0.000572 0.599426
4.699999809 -0.006196 -0.001299 0.007383 -0.045909 -0.798765 0.001681 0.599887
4.749999762 0.002486 -0.000897 0.015597 -0.044448 -0.795578 0.004037 0.604205
4.799999952 0.006506 0.002064 0.018856 -0.045536 -0.797707 0.002912 0.601316
4.849999666 0.009883 0.003661 0.028724 -0.042784 -0.796426 0.002417 0.603216
4.899999857 0.016935 0.010949 0.032232 -0.041474 -0.794330 0.000754 0.606069
4.949999809 0.038952 0.014673 0.045199 -0.037120 -0.790804 -0.000232 0.610943
5.000000000 0.048115 0.022996 0.050036 -0.035588 -0.789252 -0.002391 0.613032
5.049999714 0.056509 0.045969 0.049781 -0.027387 -0.789194 -0.006333 0.613500
5.099999905 0.067978 0.056437 0.056004 -0.022576 -0.791236 -0.011441 0.610987
5.149999857 0.073387 0.071174 0.066678 -0.017009 -0.795702 -0.017270 0.605203
5.199999809 0.050018 0.019291 0.070564 -0.009904 -0.799340 -0.025158 0.600270
5.249999762 0.074686 0.034250 0.098411 -0.007730 -0.802278 -0.027908 0.596248
5.299999952 0.094909 0.033193 0.113597 0.000257 -0.800046 -0.031176 0.599128
5.349999666 0.106195 0.046866 0.135586 0.000298 -0.802981 -0.029690 0.595264
5.399999857 0.111823 -0.014661 0.161388 -0.000450 -0.804579 -0.026940 0.593235
5.449999809 0.119831 0.003931 0.180232 -0.002630 -0.803469 -0.021182 0.594964
5.500000000 0.134076 0.001942 0.202772 -0.003845 -0.800577 -0.017882 0.598950
5.549999714 0.146246 0.023505 0.210725 -0.004178 -0.797815 -0.013914 0.602728
5.599999905 0.160257 0.023602 0.223209 -0.003905 -0.795896 -0.011685 0.605308
5.649999857 0.193682 0.010065 0.222034 -0.003052 -0.795587 -0.011553 0.605722
5.699999809 0.210761 0.008982 0.225110 -0.002124 -0.797296 -0.011066 0.603483
5.749999762 0.233067 -0.001915 0.249760 -0.002040 -0.798038 -0.010540 0.602511
5.799999952 0.250760 -0.004168 0.253611 -0.001024 -0.798535 -0.010098 0.601863
5.849999666 0.260614 -0.007539 0.270128 0.000136 -0.798575 -0.010392 0.601806
5.899999857 0.279211 -0.010882 0.281740 0.001251 -0.797355 -0.010376 0.603420
5.949999809 0.292790 -0.004197 0.291998 0.002242 -0.795236 -0.008872 0.606230
6.000000000 0.312678 -0.008020 0.312476 0.003213 -0.791652 -0.008712 0.610901
6.049999714 0.334167 -0.012326 0.337506 0.003620 -0.788104 -0.007634 0.615484
6.099999905 0.355458 -0.010176 0.352611 0.004223 -0.783978 -0.006003 0.620745
6.149999857 0.377471 0.002497 0.343123 0.005663 -0.781166 -0.004653 0.624281
6.199999809 0.405559 -0.002163 0.372657 0.005815 -0.778960 -0.003450 0.627037
6.249999762 0.416356 0.009744 0.348205 0.006550 -0.777504 -0.002335 0.628839
6.299999952 0.447970 0.005135 0.372717 0.004898 -0.776371 0.001853 0.630254
6.349999666 0.448664 0.018682 0.336215 0.003087 -0.776369 0.006786 0.630234
6.399999857 0.482744 0.014988 0.354320 0.000902 -0.775364 0.011500 0.631409
6.449999809 0.456484 0.037757 0.287686 -0.001280 -0.776290 0.016138 0.630168
6.500000000 0.491235 0.036615 0.295215 -0.002217 -0.775725 0.018694 0.630791
6.549999714 0.447055 0.044045 0.225776 -0.002926 -0.777315 0.020284 0.628777
6.599999905 0.480392 0.044802 0.222474 -0.002401 -0.776909 0.020300 0.629281
6.649999857 0.453509 0.027963 0.186187 -0.001435 -0.778025 0.018906 0.627947
6.699999809 0.486812 0.063366 0.171477 0.000174 -0.775535 0.016819 0.631080
6.749999762 0.477131 0.039113 0.161627 0.002557 -0.774415 0.013564 0.632527
6.799999952 0.512086 0.040303 0.148991 0.005592 -0.771873 0.010627 0.635664
6.849999666 0.506605 0.015618 0.128192 0.007343 -0.770596 0.008173 0.637230
6.899999857 0.543738 0.015416 0.112626 0.010130 -0.768607 0.006173 0.639611
6.949999809 0.528865 0.073706 0.057844 0.020642 -0.771999 0.001791 0.635286
7.000000000 0.567676 0.072330 0.037506 0.022240 -0.773244 0.002263 0.633714
7.049999714 0.567162 0.022020 0.098334 0.022819 -0.776043 0.002460 0.630262
7.099999905 0.603907 0.016476 0.085051 0.025488 -0.778802 0.002026 0.626748
7.149999857 0.622715 0.012264 0.158873 0.027053 -0.781904 0.001923 0.622808
7.199999809 0.662722 0.005531 0.145717 0.027976 -0.784712 0.001445 0.619227
7.249999762 0.721460 -0.020781 0.210629 0.021326 -0.783840 0.004653 0.620579
7.299999952 0.765183 -0.026556 0.202981 0.021605 -0.786131 0.004534 0.617666
7.349999666 0.790900 0.011333 0.100163 0.023581 -0.788954 0.003827 0.613987
7.399999857 0.834635 0.005276 0.096425 0.023871 -0.787973 0.004595 0.615229
7.449999809 0.881048 0.021672 0.136632 0.024859 -0.786278 0.004652 0.617355
7.500000000 0.926901 0.015466 0.142023 0.025445 -0.783564 0.004796 0.620772
7.549999714 0.974684 0.008669 0.149528 0.025665 -0.781288 0.006256 0.623612
7.599999905 1.016420 -0.043946 0.153869 0.024365 -0.780388 0.007104 0.624781
7.649999857 0.968489 0.043493 0.125549 0.024632 -0.781639 0.009502 0.623173
7.699999809 0.875750 0.063531 0.070595 0.022950 -0.782744 0.011299 0.621818
7.749999762 0.753587 0.027452 -0.000619 0.019407 -0.785617 0.011941 0.618293
7.799999952 0.751947 0.002998 -0.023104 0.016079 -0.786593 0.010769 0.617169
7.849999666 0.701456 -0.021041 -0.046829 0.012970 -0.787932 0.008190 0.615571
7.899999857 0.759569 -0.036541 -0.088938 0.009969 -0.790767 0.006082 0.612006
7.949999809 0.758675 -0.071857 -0.090725 0.007710 -0.793333 0.001976 0.608736
8.000000000 0.771692 -0.079934 -0.097566 0.003644 -0.797644 -0.001590 0.603116
8.049999714 0.659671 -0.170884 -0.052407 0.002489 -0.801980 -0.008146 0.597290
8.099999905 0.675198 -0.183223 -0.062569 -0.003020 -0.804108 -0.012254 0.594349
8.149999857 0.785279 -0.232175 -0.079740 -0.005267 -0.804646 -0.015257 0.593536
8.199999809 0.806910 -0.248036 -0.091964 -0.008277 -0.805910 -0.018716 0.591685
8.249999762 0.780768 -0.314452 -0.101925 -0.011774 -0.802592 -0.021047 0.596040
8.299999952 0.800701 -0.331838 -0.108510 -0.013911 -0.801084 -0.023021 0.597947
8.349999666 0.819104 -0.310902 -0.125867 -0.012223 -0.795784 -0.024388 0.604966
8.399999857 0.842466 -0.332307 -0.126473 -0.014301 -0.789944 -0.024370 0.612528
8.449999809 0.867509 -0.344472 -0.123744 -0.016154 -0.785883 -0.023303 0.617725
8.500000000 0.892170 -0.366610 -0.123856 -0.018869 -0.781821 -0.020970 0.622864
8.549999714 0.925955 -0.373313 -0.124719 -0.020491 -0.779362 -0.017555 0.625993
8.599999905 0.954138 -0.396110 -0.124872 -0.021885 -0.778040 -0.015386 0.627644
8.649999857 1.015976 -0.391348 -0.138391 -0.020077 -0.776313 -0.013997 0.629873
8.699999809 1.050498 -0.416424 -0.141244 -0.020357 -0.776115 -0.012415 0.630140
8.749999762 1.106608 -0.428392 -0.150033 -0.019021 -0.775254 -0.011055 0.631266
8.799999952 1.146050 -0.454149 -0.156108 -0.018994 -0.775520 -0.009461 0.630967
8.849999666 1.186992 -0.479950 -0.163784 -0.018336 -0.775753 -0.007654 0.630723
8.899999857 1.238047 -0.496399 -0.173992 -0.017033 -0.775251 -0.006997 0.631384
8.949999809 1.284544 -0.506116 -0.182463 -0.016089 -0.775247 -0.008635 0.631395
9.000000000 1.353582 -0.480356 -0.188114 -0.015216 -0.776074 -0.011996 0.630344
9.049999714 1.377951 -0.561995 -0.203005 -0.016192 -0.777210 -0.017572 0.628787
9.099999905 1.417457 -0.605823 -0.215927 -0.017739 -0.779469 -0.022134 0.625799
9.149999857 1.418640 -0.797101 -0.234799 -0.018510 -0.780163 -0.027430 0.624700
9.199999809 1.453358 -0.863744 -0.241159 -0.019207 -0.781410 -0.031029 0.622950
9.249999762 1.467186 -0.974250 -0.242230 -0.020577 -0.781995 -0.033692 0.622033
9.299999952 1.528878 -0.997891 -0.243412 -0.022695 -0.782585 -0.035095 0.621140
9.349999666 1.467583 -1.171256 -0.226500 -0.024825 -0.782529 -0.038031 0.620956
9.399999857 1.533837 -1.176826 -0.222961 -0.028638 -0.782571 -0.039801 0.620627
9.449999809 1.525851 -1.306686 -0.223161 -0.032997 -0.780194 -0.043239 0.623169
9.500000000 1.470168 -1.427571 -0.204630 -0.038065 -0.778417 -0.045607 0.624930
9.549999714 1.455789 -1.524622 -0.191860 -0.041886 -0.776094 -0.047609 0.627421
9.599999905 1.485017 -1.607845 -0.182626 -0.049716 -0.770616 -0.045817 0.633703
9.649999857 1.539466 -1.644882 -0.193910 -0.054333 -0.768198 -0.044510 0.636347
9.699999809 1.594401 -1.690982 -0.200370 -0.060505 -0.765153 -0.043963 0.639490
9.749999762 1.624553 -1.862837 -0.190849 -0.065605 -0.763226 -0.046067 0.641140
9.799999952 1.712901 -1.938731 -0.200269 -0.071943 -0.762555 -0.047878 0.641125
9.849999666 1.752206 -2.014543 -0.213578 -0.079039 -0.763421 -0.052795 0.638870
9.899999857 1.899675 -2.049698 -0.230908 -0.084426 -0.766462 -0.058814 0.633994
9.949999809 1.958561 -2.330392 -0.246806 -0.088457 -0.766245 -0.066799 0.632916
10.000000000 2.043708 -2.411850 -0.251969 -0.095116 -0.768616 -0.074569 0.628190
10.049999714 2.063545 -2.559643 -0.276110 -0.102148 -0.768569 -0.082599 0.626134
10.099999905 1.897792 -2.913852 -0.285928 -0.108130 -0.766458 -0.091634 0.626461
10.149999857 1.685442 -3.240794 -0.295894 -0.115283 -0.764874 -0.099220 0.625965
10.199999809 1.523225 -3.486408 -0.258746 -0.119885 -0.764672 -0.107154 0.624037
10.249999762 1.595146 -3.727980 -0.251582 -0.123197 -0.762679 -0.112245 0.624936
10.299999952 1.603877 -3.864330 -0.260898 -0.127813 -0.760012 -0.116067 0.626557
10.349999666 1.557482 -4.024097 -0.262813 -0.131192 -0.754423 -0.119279 0.631986
10.399999857 1.482847 -4.210525 -0.247782 -0.133014 -0.749240 -0.123064 0.637026
10.449999809 1.564416 -4.333569 -0.262413 -0.133757 -0.744641 -0.126463 0.641581
10.500000000 1.326635 -4.547311 -0.262717 -0.134835 -0.739772 -0.128874 0.646490
10.549999714 1.425995 -4.661973 -0.278066 -0.135348 -0.737536 -0.130791 0.648549
10.599999905 1.588231 -4.777866 -0.281018 -0.135183 -0.737717 -0.131855 0.648162
10.649999857 1.651926 -4.845968 -0.278425 -0.136118 -0.738483 -0.132341 0.646993
10.699999809 1.718813 -4.958597 -0.300959 -0.135713 -0.740588 -0.133096 0.644512
10.749999762 1.728083 -5.119235 -0.303941 -0.134455 -0.741486 -0.134036 0.643549
10.799999952 1.800676 -5.258425 -0.303447 -0.131792 -0.742711 -0.136048 0.642263
10.849999666 1.904588 -5.342011 -0.389725 -0.131225 -0.743152 -0.136620 0.641747
10.899999857 1.986200 -5.481831 -0.397870 -0.128388 -0.744384 -0.137542 0.640696
10.949999809 2.058592 -5.627332 -0.452662 -0.123760 -0.747383 -0.140300 0.637509
11.000000000 2.117193 -5.783807 -0.465758 -0.122621 -0.747315 -0.138774 0.638143
11.049999714 2.355954 -5.793065 -0.467234 -0.122505 -0.748273 -0.135476 0.637751
11.099999905 2.444507 -5.939117 -0.482398 -0.121809 -0.748217 -0.133410 0.638385
11.149999857 2.473539 -6.106551 -0.496516 -0.121689 -0.746691 -0.130131 0.640866
11.199999809 2.567390 -6.256261 -0.515214 -0.121085 -0.746498 -0.128151 0.641605
11.249999762 1.792423 -6.366063 -0.636923 -0.126588 -0.747422 -0.124639 0.640157
11.299999952 1.872449 -6.512222 -0.664821 -0.125334 -0.746649 -0.123730 0.641481
11.349999666 1.855188 -6.545224 -0.631871 -0.125725 -0.745153 -0.123058 0.643271
11.399999857 1.938562 -6.690222 -0.659050 -0.124691 -0.743994 -0.122887 0.644844
11.449999809 1.962894 -6.798992 -0.790577 -0.123289 -0.744733 -0.123787 0.644088
11.500000000 2.032806 -6.945202 -0.835870 -0.121345 -0.744898 -0.125322 0.643969
11.549999714 1.861941 -7.200477 -0.893353 -0.120784 -0.745236 -0.125464 0.643656
11.599999905 1.948636 -7.355293 -0.931130 -0.119626 -0.745084 -0.125792 0.643984
11.649999857 2.045625 -7.337598 -0.975484 -0.120087 -0.744652 -0.124570 0.644636
11.699999809 2.029820 -7.477095 -1.027488 -0.118482 -0.744484 -0.125481 0.644950
11.749999762 2.084025 -7.657171 -0.975171 -0.117029 -0.744100 -0.125922 0.645572
11.799999952 1.755994 -7.456461 -0.994487 -0.121376 -0.742362 -0.123544 0.647227
11.849999666 2.008478 -7.536558 -1.032855 -0.119651 -0.743029 -0.123790 0.646736
11.899999857 2.081841 -7.682047 -1.078415 -0.117983 -0.743426 -0.123962 0.646553
11.949999809 2.292632 -8.079494 -1.134574 -0.115845 -0.743201 -0.124454 0.647104
12.000000000 2.020805 -8.060789 -1.012720 -0.116315 -0.743707 -0.124305 0.646467
12.049999714 2.306550 -8.144847 -1.037871 -0.115020 -0.743636 -0.123722 0.646891
12.099999905 2.097499 -8.387179 -1.009502 -0.113279 -0.741492 -0.124271 0.649550
12.149999857 2.303960 -8.652095 -1.167654 -0.110573 -0.741808 -0.125608 0.649397
12.199999809 2.411423 -8.807741 -1.200399 -0.109729 -0.741857 -0.125994 0.649410
12.249999762 2.140784 -8.998778 -1.195444 -0.110548 -0.741651 -0.125848 0.649535
12.299999952 2.141372 -8.820240 -1.355023 -0.111630 -0.743736 -0.127140 0.646707
12.349999666 2.080653 -9.018808 -1.351234 -0.110070 -0.745127 -0.130411 0.644719
12.399999857 2.787554 -8.845638 -1.497997 -0.107728 -0.743654 -0.133177 0.646249
12.449999809 2.760125 -8.837656 -1.728330 -0.105799 -0.745735 -0.136320 0.643508
12.500000000 2.402571 -9.026222 -1.873703 -0.105539 -0.743101 -0.136388 0.646577
12.549999714 2.701273 -8.769819 -1.967967 -0.106575 -0.745499 -0.136345 0.643648
12.599999905 2.397686 -9.015369 -2.042037 -0.107293 -0.744641 -0.136197 0.644552
12.649999857 2.714023 -9.068477 -2.112398 -0.107583 -0.744693 -0.135447 0.644603
12.699999809 2.688468 -9.246864 -2.180416 -0.109352 -0.746264 -0.132850 0.643027
12.749999762 2.421849 -9.238350 -2.200680 -0.111273 -0.748526 -0.128113 0.641026
12.799999952 2.513857 -9.385465 -2.268085 -0.111936 -0.752020 -0.121711 0.638062
12.849999666 2.916159 -9.344272 -2.285483 -0.112120 -0.755348 -0.113839 0.635546
12.899999857 3.170003 -9.430442 -2.330464 -0.109207 -0.758280 -0.107068 0.633736
12.949999809 3.252058 -9.350623 -2.226094 -0.108754 -0.760298 -0.098161 0.632838
13.000000000 4.714766 -9.045836 -2.216292 -0.100996 -0.759307 -0.089092 0.636643
13.049999714 4.793066 -9.053541 -2.269532 -0.090154 -0.759782 -0.084780 0.638291
13.099999905 5.891611 -8.429239 -2.283143 -0.082603 -0.755282 -0.076999 0.645598
13.149999857 6.537142 -8.137503 -2.309178 -0.071884 -0.750668 -0.072240 0.652772
13.199999809 7.014778 -8.068755 -2.394991 -0.057852 -0.748737 -0.071319 0.656475
13.249999762 9.295374 -6.723217 -2.560551 -0.041347 -0.744767 -0.069721 0.662383
13.299999952 9.943516 -6.374730 -2.633289 -0.030704 -0.745141 -0.068457 0.662674
13.349999666 9.916773 -6.574344 -2.663783 -0.023142 -0.744260 -0.066357 0.664183
13.399999857 10.619502 -6.011500 -2.772787 -0.014513 -0.742573 -0.064782 0.666467
13.449999809 11.799779 -4.363751 -2.804309 -0.007935 -0.743039 -0.062201 0.666304
13.500000000 12.224132 -3.999251 -2.847794 -0.004216 -0.743143 -0.059504 0.666469
13.549999714 12.131049 -4.271278 -2.815285 -0.002732 -0.744434 -0.056768 0.665273
13.599999905 12.563343 -3.881428 -2.884711 -0.000816 -0.746650 -0.053565 0.663057
13.649999857 13.325548 -2.082210 -2.760567 -0.001535 -0.743005 -0.048374 0.667534
13.699999809 13.224921 -2.468187 -2.677006 -0.003461 -0.743858 -0.045335 0.666790
13.749999762 13.577622 -1.063921 -2.566501 -0.005327 -0.743231 -0.041895 0.667701
13.799999952 13.824486 -0.977688 -2.616629 -0.006231 -0.744076 -0.041071 0.666802
13.849999666 13.859395 -0.533484 -2.526453 -0.007164 -0.745605 -0.040561 0.665114
13.899999857 14.104391 -0.441815 -2.571985 -0.007983 -0.746295 -0.041465 0.664274
13.949999809 14.493881 3.643383 -2.467464 -0.011460 -0.744326 -0.037269 0.666677
14.000000000 14.837643 -0.901163 -2.609436 -0.014674 -0.747053 -0.039536 0.663426
14.049999714 15.025876 2.261253 -2.429773 -0.017617 -0.748465 -0.036778 0.661920
14.099999905 15.172003 -0.049927 -2.431815 -0.020708 -0.749423 -0.036816 0.660743
14.149999857 15.082331 0.005110 -2.284402 -0.024953 -0.753116 -0.033668 0.656552
14.199999809 15.308249 0.099848 -2.310656 -0.027776 -0.751527 -0.030469 0.658413
14.249999762 15.050152 2.894202 -2.135627 -0.032387 -0.753710 -0.025103 0.655928
14.299999952 15.249320 3.032082 -2.159367 -0.034139 -0.753145 -0.024098 0.656526
14.349999666 15.205179 3.082907 -2.163174 -0.033888 -0.753175 -0.023439 0.656529
14.399999857 15.717976 -1.108513 -2.253208 -0.033368 -0.754042 -0.025520 0.655481
14.449999809 15.869396 -1.075585 -2.262437 -0.031033 -0.754947 -0.027726 0.654464
14.500000000 16.413538 0.309659 -2.523877 -0.025682 -0.754394 -0.031551 0.655160
14.549999714 15.759429 3.009521 -2.373767 -0.024376 -0.755920 -0.031574 0.653448
14.599999905 15.995323 3.071971 -2.444222 -0.020510 -0.751970 -0.034215 0.657989
14.649999857 16.057898 1.562019 -2.625100 -0.016481 -0.749623 -0.038160 0.660558
14.699999809 16.421890 1.741069 -2.870327 -0.012096 -0.747656 -0.040777 0.662722
14.749999762 15.771023 2.858136 -2.719061 -0.013395 -0.752077 -0.038970 0.657786
14.799999952 15.933300 2.965760 -2.756600 -0.011473 -0.750450 -0.039179 0.659665
14.849999666 15.617515 4.368549 -2.765439 -0.007676 -0.752675 -0.039326 0.657172
14.899999857 15.761732 4.510045 -2.802293 -0.003445 -0.752473 -0.038206 0.657505
14.949999809 15.861998 4.820070 -2.809115 0.001737 -0.753677 -0.037749 0.656158
15.000000000 15.806990 6.570819 -2.915476 0.007515 -0.754761 -0.036042 0.654966
15.049999714 16.082599 6.690442 -2.992781 0.011230 -0.756689 -0.034076 0.652790
15.099999905 16.202618 6.848535 -3.029330 0.014351 -0.758016 -0.031814 0.651301
15.149999857 15.543555 9.043277 -3.065900 0.018151 -0.758963 -0.028296 0.650265
15.199999809 15.577316 9.363136 -3.098515 0.021496 -0.760661 -0.026646 0.648246
15.249999762 14.680379 11.115397 -3.029289 0.024144 -0.761375 -0.024330 0.647405
15.299999952 13.852986 12.797639 -3.244462 0.030865 -0.762097 -0.024914 0.646247
15.349999666 13.535918 13.205068 -3.510424 0.034997 -0.761461 -0.024726 0.646793
15.399999857 12.777346 13.081622 -3.445245 0.035634 -0.762064 -0.022185 0.646140
15.449999809 12.654973 13.150381 -3.448448 0.037277 -0.763267 -0.020881 0.644669
15.500000000 12.526852 12.333361 -3.497375 0.037751 -0.763605 -0.017874 0.644331
15.549999714 11.783806 12.865089 -3.911181 0.041708 -0.764434 -0.016932 0.643129
15.599999905 11.151829 13.870380 -3.999390 0.041463 -0.765195 -0.012794 0.642335
15.649999857 11.255272 14.263527 -4.026250 0.040117 -0.765268 -0.009498 0.642391
15.699999809 10.501083 14.782830 -4.061369 0.039722 -0.764704 -0.006960 0.643119
15.749999762 9.547141 14.947327 -4.147400 0.038704 -0.761006 -0.003681 0.647578
15.799999952 8.908147 14.952318 -4.060412 0.037764 -0.761192 -0.001882 0.647423
15.849999666 7.802642 15.394281 -4.208402 0.039619 -0.757737 -0.001028 0.651356
15.899999857 6.789123 13.969368 -3.933917 0.040240 -0.757981 -0.000633 0.651034
15.949999809 6.679021 12.192725 -3.684223 0.039626 -0.759546 0.000626 0.649245
16.000000000 6.519210 12.192775 -3.644296 0.039796 -0.757224 0.002228 0.651938
16.049999714 6.278148 12.062555 -3.995645 0.037361 -0.754023 0.006988 0.655747
16.099999905 5.884865 11.822112 -4.005574 0.036632 -0.755508 0.009927 0.654039
16.149999857 6.062070 12.154683 -4.107383 0.035131 -0.756526 0.012426 0.652901
16.199999809 6.147399 12.178222 -4.163655 0.034190 -0.759474 0.013283 0.649503
16.249999762 6.563483 12.026262 -4.101426 0.037440 -0.763055 0.009631 0.645176
16.299999952 6.402613 12.136611 -4.128069 0.039431 -0.765979 0.005878 0.641628
16.349999666 8.107473 11.470328 -4.712365 0.042785 -0.765267 -0.000345 0.642290
16.399999857 8.432595 11.242528 -4.636343 0.047693 -0.764419 -0.005345 0.642931
16.449999809 8.599870 11.186241 -4.726172 0.052319 -0.762307 -0.010194 0.645017
16.500000000 8.526608 11.254512 -4.768701 0.055065 -0.758995 -0.012918 0.648635
16.549999714 8.211888 11.468464 -4.978545 0.057662 -0.755843 -0.014324 0.652051
16.599999905 8.028730 11.591287 -5.051442 0.059686 -0.751683 -0.015441 0.656637
16.649999857 8.089539 11.519569 -5.473694 0.062445 -0.747436 -0.016510 0.661186
16.699999809 8.070563 11.523429 -5.544209 0.063735 -0.742552 -0.016479 0.666546
16.749999762 7.916277 11.594518 -5.638443 0.066506 -0.740400 -0.019000 0.668598
16.799999952 8.363332 11.179468 -5.626187 0.070360 -0.740185 -0.023424 0.668301
16.849999666 8.251551 11.236613 -5.702203 0.073412 -0.739307 -0.027024 0.668809
16.899999857 8.280570 11.181502 -5.789413 0.076365 -0.739112 -0.031228 0.668511
16.949999809 8.417504 11.049639 -6.080530 0.079855 -0.742658 -0.035731 0.663931
17.000000000 8.195910 11.156999 -6.161400 0.082860 -0.745333 -0.039221 0.660360
17.049999714 8.474227 10.894460 -6.195177 0.086637 -0.744637 -0.044660 0.660314
17.099999905 8.372583 10.918518 -6.300649 0.089640 -0.745389 -0.048335 0.658805
17.149999857 8.674947 10.589657 -6.616976 0.089757 -0.749346 -0.046581 0.654411
17.199999809 8.644014 10.548925 -6.729008 0.087989 -0.751131 -0.040789 0.652991
17.249999762 9.270682 10.020842 -7.001019 0.083530 -0.752901 -0.033182 0.651967
17.299999952 9.231872 9.985598 -7.123228 0.081359 -0.754130 -0.026859 0.651112
17.349999666 9.172169 9.989939 -7.212518 0.079297 -0.755479 -0.021383 0.650005
17.399999857 9.145729 9.936362 -7.334732 0.078674 -0.758007 -0.018517 0.647220
17.449999809 8.423398 10.488209 -7.449654 0.077591 -0.759769 -0.015993 0.645349
17.500000000 7.824493 10.950008 -7.616494 0.077841 -0.760726 -0.013730 0.644243
17.549999714 7.835608 10.832949 -7.638601 0.078216 -0.762825 -0.012281 0.641740
17.599999905 7.513020 10.971466 -7.654195 0.079510 -0.764641 -0.012818 0.639405
17.649999857 7.588535 10.837642 -7.750310 0.079537 -0.764705 -0.011073 0.639357
17.699999809 7.585202 10.647243 -7.709674 0.081893 -0.765508 -0.011725 0.638086
17.749999762 7.558820 10.559671 -7.814819 0.082367 -0.765756 -0.010510 0.637748
17.799999952 7.096684 10.588574 -7.655079 0.084456 -0.767909 -0.010056 0.634888
17.849999666 6.999557 10.560817 -7.642436 0.084685 -0.768016 -0.007644 0.634761
17.899999857 6.821305 10.552646 -7.733682 0.082744 -0.769021 -0.005386 0.633823
17.949999809 6.747783 10.476902 -7.825776 0.083858 -0.768372 -0.004936 0.634467
18.000000000 6.644419 10.421078 -7.898946 0.084893 -0.767506 -0.004312 0.635381
18.049999714 6.587617 10.371523 -7.962837 0.085068 -0.765711 -0.003588 0.637524
18.099999905 6.550589 10.261840 -8.047890 0.086059 -0.764571 -0.003138 0.638761
18.149999857 5.631773 10.668331 -8.181619 0.085956 -0.765350 -0.000852 0.637848
18.199999809 5.070361 10.891246 -8.237031 0.086616 -0.763383 0.000695 0.640112
18.249999762 4.166228 11.225831 -8.144958 0.087724 -0.761132 0.001406 0.642636
18.299999952 4.132663 11.092630 -8.236823 0.088664 -0.759733 0.002136 0.644159
